<svg width="75" height="32" viewBox="0 0 75 32" fill="none" xmlns="http://www.w3.org/2000/svg">
<path d="M4.2201 18.8788L5.53573 20.2424C5.63693 20.3434 5.68753 20.4747 5.68753 20.596C5.68753 20.7475 5.61669 20.899 5.475 21.0101C5.222 21.2121 4.82731 21.1818 4.60467 20.9495L3.59265 18.7374L2.58063 20.9495C2.35798 21.1818 1.97342 21.202 1.71029 21.0101C1.45729 20.8081 1.42693 20.4646 1.64957 20.2424L3.12712 18.7172C3.24856 18.596 3.41048 18.5252 3.59265 18.5252C3.77481 18.5252 3.93673 18.596 4.05818 18.7172L4.20998 18.8788" fill="#0466B4"/>
<path fill-rule="evenodd" clip-rule="evenodd" d="M3.60279 18.7071C4.02198 18.7071 4.3618 19.0462 4.3618 19.4646V21.6566C4.3618 21.9605 4.62385 22.2525 5.00949 22.2525C5.40143 22.2525 5.95484 22.2551 6.40904 22.2576C6.63641 22.2588 6.83937 22.2601 6.98549 22.2611L7.22106 22.2626C7.64024 22.2656 7.97766 22.6072 7.97469 23.0256C7.97172 23.444 7.6295 23.7807 7.21031 23.7778L6.97563 23.7762C6.82985 23.7752 6.62737 23.774 6.40059 23.7727C5.9465 23.7702 5.39681 23.7677 5.00949 23.7677C3.83663 23.7677 2.84377 22.8475 2.84377 21.6566V19.4646C2.84377 19.0462 3.18359 18.7071 3.60279 18.7071Z" fill="#0466B4"/>
<path fill-rule="evenodd" clip-rule="evenodd" d="M3.74447 13.7273C2.80317 13.7273 2.02404 14.4997 2.02404 15.4445V16.202H5.3637C5.42211 16.202 5.4649 16.1593 5.4649 16.101V15.4445C5.4649 14.5049 4.69102 13.7273 3.74447 13.7273ZM0 15.4445C0 13.3791 1.6902 11.7071 3.74447 11.7071C5.81374 11.7071 7.48894 13.3941 7.48894 15.4445V16.101C7.48894 17.275 6.53996 18.2222 5.3637 18.2222H0V15.4445Z" fill="#0466B4"/>
<path fill-rule="evenodd" clip-rule="evenodd" d="M3.75459 10.0202C3.29069 10.0202 2.91462 10.3956 2.91462 10.8586C2.91462 11.3216 3.29069 11.697 3.75459 11.697C4.2185 11.697 4.59457 11.3216 4.59457 10.8586C4.59457 10.3956 4.2185 10.0202 3.75459 10.0202ZM0.890577 10.8586C0.890577 9.27983 2.17284 8 3.75459 8C5.33634 8 6.61861 9.27983 6.61861 10.8586C6.61861 12.4373 5.33634 13.7172 3.75459 13.7172C2.17284 13.7172 0.890577 12.4373 0.890577 10.8586Z" fill="#0466B4"/>
<path fill-rule="evenodd" clip-rule="evenodd" d="M12.2555 19.505C11.3142 19.505 10.5351 20.2775 10.5351 21.2222V21.9798H13.8748C13.9332 21.9798 13.976 21.9371 13.976 21.8788V21.2222C13.976 20.2827 13.2021 19.505 12.2555 19.505ZM8.51106 21.2222C8.51106 19.1569 10.2013 17.4848 12.2555 17.4848C14.3248 17.4848 16 19.1718 16 21.2222V21.8788C16 23.0528 15.051 24 13.8748 24H8.51106V21.2222Z" fill="#0466B4"/>
<path fill-rule="evenodd" clip-rule="evenodd" d="M12.2555 15.8081C11.7916 15.8081 11.4156 16.1834 11.4156 16.6465C11.4156 17.1095 11.7916 17.4848 12.2555 17.4848C12.7194 17.4848 13.0955 17.1095 13.0955 16.6465C13.0955 16.1834 12.7194 15.8081 12.2555 15.8081ZM9.39151 16.6465C9.39151 15.0677 10.6738 13.7879 12.2555 13.7879C13.8373 13.7879 15.1195 15.0677 15.1195 16.6465C15.1195 18.2252 13.8373 19.505 12.2555 19.505C10.6738 19.505 9.39151 18.2252 9.39151 16.6465Z" fill="#0466B4"/>
<path d="M11.6584 13.1616L10.3428 11.798C10.2416 11.697 10.191 11.5657 10.191 11.4445C10.191 11.2929 10.2618 11.1414 10.4035 11.0303C10.6565 10.8283 11.0512 10.8586 11.2738 11.0909L12.2758 13.3333L13.2979 11.0909C13.5205 10.8586 13.9051 10.8384 14.1682 11.0303C14.4212 11.2323 14.4516 11.5758 14.2289 11.798L12.7514 13.3233C12.6299 13.4445 12.468 13.5152 12.2859 13.5152C12.1037 13.5152 11.9418 13.4445 11.8203 13.3233L11.6685 13.1616" fill="#0466B4"/>
<path fill-rule="evenodd" clip-rule="evenodd" d="M7.69134 9.01516C7.69414 8.59677 8.03622 8.25986 8.4554 8.26265L8.44528 9.77777C8.0261 9.77498 7.68855 9.43355 7.69134 9.01516ZM8.44528 9.77777L8.6957 9.77935C8.85098 9.7803 9.06658 9.78157 9.30784 9.78283C9.78985 9.78536 10.3761 9.78789 10.7881 9.78789C11.2569 9.78789 11.5168 10.1198 11.5168 10.3839V12.5758C11.5168 12.9942 11.8566 13.3333 12.2758 13.3333C12.695 13.3333 13.0348 12.9942 13.0348 12.5758V10.3839C13.0348 9.15292 11.9587 8.27274 10.7881 8.27274C10.3804 8.27274 9.79774 8.27022 9.3158 8.2677C9.07509 8.26644 8.85994 8.26517 8.70498 8.26423L8.4554 8.26265L8.44528 9.77777Z" fill="#0466B4"/>
<path d="M23.866 22V12.624H20.698V11.504H28.378V12.624H25.21V22H23.866ZM29.4058 22V14.224H30.4938L30.6058 15.632H30.6538C30.9204 15.1413 31.2458 14.752 31.6298 14.464C32.0138 14.176 32.4244 14.032 32.8618 14.032C33.1711 14.032 33.4484 14.0853 33.6938 14.192L33.4378 15.344C33.3098 15.3013 33.1924 15.2693 33.0858 15.248C32.9791 15.2267 32.8458 15.216 32.6858 15.216C32.3551 15.216 32.0084 15.3493 31.6458 15.616C31.2938 15.8827 30.9844 16.3467 30.7178 17.008V22H29.4058ZM36.354 22.192C35.7033 22.192 35.1593 22 34.722 21.616C34.2953 21.2213 34.082 20.6773 34.082 19.984C34.082 19.1307 34.4607 18.48 35.218 18.032C35.986 17.5733 37.1967 17.2533 38.85 17.072C38.85 16.7413 38.802 16.4267 38.706 16.128C38.6207 15.8293 38.4607 15.5893 38.226 15.408C38.002 15.216 37.6767 15.12 37.25 15.12C36.802 15.12 36.3807 15.2053 35.986 15.376C35.5913 15.5467 35.2393 15.7387 34.93 15.952L34.418 15.04C34.7807 14.8053 35.2233 14.5813 35.746 14.368C36.2793 14.144 36.8553 14.032 37.474 14.032C38.4233 14.032 39.1113 14.3253 39.538 14.912C39.9647 15.488 40.178 16.2613 40.178 17.232V22H39.09L38.978 21.072H38.93C38.5673 21.3707 38.1673 21.632 37.73 21.856C37.3033 22.08 36.8447 22.192 36.354 22.192ZM36.738 21.136C37.1113 21.136 37.4633 21.0453 37.794 20.864C38.1247 20.6827 38.4767 20.4267 38.85 20.096V17.936C37.5593 18.096 36.6527 18.336 36.13 18.656C35.618 18.976 35.362 19.3867 35.362 19.888C35.362 20.3253 35.4953 20.6453 35.762 20.848C36.0287 21.04 36.354 21.136 36.738 21.136ZM42.6245 22V14.224H43.9365V22H42.6245ZM43.2965 12.624C43.0405 12.624 42.8272 12.5493 42.6565 12.4C42.4965 12.24 42.4165 12.0267 42.4165 11.76C42.4165 11.504 42.4965 11.296 42.6565 11.136C42.8272 10.976 43.0405 10.896 43.2965 10.896C43.5525 10.896 43.7605 10.976 43.9205 11.136C44.0912 11.296 44.1765 11.504 44.1765 11.76C44.1765 12.0267 44.0912 12.24 43.9205 12.4C43.7605 12.5493 43.5525 12.624 43.2965 12.624ZM46.562 22V14.224H47.65L47.762 15.344H47.81C48.1833 14.9707 48.578 14.6613 48.994 14.416C49.41 14.16 49.8847 14.032 50.418 14.032C51.2393 14.032 51.8367 14.2933 52.21 14.816C52.594 15.328 52.786 16.08 52.786 17.072V22H51.474V17.248C51.474 16.5227 51.3567 15.9947 51.122 15.664C50.8873 15.3333 50.514 15.168 50.002 15.168C49.6073 15.168 49.25 15.2693 48.93 15.472C48.6207 15.6747 48.2687 15.9733 47.874 16.368V22H46.562ZM55.312 22V14.224H56.624V22H55.312ZM55.984 12.624C55.728 12.624 55.5147 12.5493 55.344 12.4C55.184 12.24 55.104 12.0267 55.104 11.76C55.104 11.504 55.184 11.296 55.344 11.136C55.5147 10.976 55.728 10.896 55.984 10.896C56.24 10.896 56.448 10.976 56.608 11.136C56.7787 11.296 56.864 11.504 56.864 11.76C56.864 12.0267 56.7787 12.24 56.608 12.4C56.448 12.5493 56.24 12.624 55.984 12.624ZM59.2495 22V14.224H60.3375L60.4495 15.344H60.4975C60.8708 14.9707 61.2655 14.6613 61.6815 14.416C62.0975 14.16 62.5722 14.032 63.1055 14.032C63.9268 14.032 64.5242 14.2933 64.8975 14.816C65.2815 15.328 65.4735 16.08 65.4735 17.072V22H64.1615V17.248C64.1615 16.5227 64.0442 15.9947 63.8095 15.664C63.5748 15.3333 63.2015 15.168 62.6895 15.168C62.2948 15.168 61.9375 15.2693 61.6175 15.472C61.3082 15.6747 60.9562 15.9733 60.5615 16.368V22H59.2495ZM70.6235 25.584C69.6742 25.584 68.9008 25.4027 68.3035 25.04C67.7062 24.6773 67.4075 24.16 67.4075 23.488C67.4075 23.1573 67.5088 22.8373 67.7115 22.528C67.9142 22.2293 68.1915 21.9627 68.5435 21.728V21.664C68.3515 21.5467 68.1862 21.3813 68.0475 21.168C67.9195 20.9547 67.8555 20.6987 67.8555 20.4C67.8555 20.0693 67.9462 19.7813 68.1275 19.536C68.3088 19.2907 68.5008 19.0987 68.7035 18.96V18.896C68.4475 18.6827 68.2128 18.3947 67.9995 18.032C67.7968 17.6693 67.6955 17.2587 67.6955 16.8C67.6955 16.2347 67.8288 15.744 68.0955 15.328C68.3622 14.912 68.7195 14.592 69.1675 14.368C69.6155 14.144 70.1008 14.032 70.6235 14.032C70.8368 14.032 71.0395 14.0533 71.2315 14.096C71.4235 14.128 71.5888 14.1707 71.7275 14.224H74.4315V15.232H72.8315C73.0128 15.4027 73.1622 15.632 73.2795 15.92C73.4075 16.1973 73.4715 16.5013 73.4715 16.832C73.4715 17.3867 73.3435 17.8667 73.0875 18.272C72.8315 18.6773 72.4902 18.992 72.0635 19.216C71.6368 19.4293 71.1568 19.536 70.6235 19.536C70.2075 19.536 69.8182 19.4453 69.4555 19.264C69.3168 19.3813 69.1995 19.5147 69.1035 19.664C69.0075 19.8027 68.9595 19.9787 68.9595 20.192C68.9595 20.4373 69.0555 20.64 69.2475 20.8C69.4502 20.96 69.8128 21.04 70.3355 21.04H71.8395C72.7462 21.04 73.4235 21.1893 73.8715 21.488C74.3302 21.776 74.5595 22.2453 74.5595 22.896C74.5595 23.376 74.3995 23.8187 74.0795 24.224C73.7595 24.6293 73.3062 24.9547 72.7195 25.2C72.1328 25.456 71.4342 25.584 70.6235 25.584ZM70.6235 18.656C71.0715 18.656 71.4555 18.4907 71.7755 18.16C72.1062 17.8187 72.2715 17.3653 72.2715 16.8C72.2715 16.2347 72.1115 15.792 71.7915 15.472C71.4715 15.152 71.0822 14.992 70.6235 14.992C70.1648 14.992 69.7755 15.152 69.4555 15.472C69.1355 15.792 68.9755 16.2347 68.9755 16.8C68.9755 17.3653 69.1355 17.8187 69.4555 18.16C69.7862 18.4907 70.1755 18.656 70.6235 18.656ZM70.8155 24.672C71.5622 24.672 72.1595 24.5067 72.6075 24.176C73.0555 23.856 73.2795 23.4933 73.2795 23.088C73.2795 22.7253 73.1408 22.4747 72.8635 22.336C72.5968 22.1973 72.2128 22.128 71.7115 22.128H70.3675C70.2182 22.128 70.0528 22.1173 69.8715 22.096C69.7008 22.0747 69.5302 22.0427 69.3595 22C69.0822 22.2027 68.8795 22.416 68.7515 22.64C68.6235 22.864 68.5595 23.088 68.5595 23.312C68.5595 23.728 68.7568 24.0587 69.1515 24.304C69.5568 24.5493 70.1115 24.672 70.8155 24.672Z" fill="#0466B4"/>
</svg>
